vec <- c(1:100)
vec